      0.000000000000000000      0.000000000000000000      1.457922675470274543
      0.000000000000000000      0.167551608191455620      1.427387127615498352
      0.000000000000000000      0.335103216382911240      1.337699144824774145
      0.000000000000000000      0.502654824574366832      1.194494152906170337
      0.000000000000000000      0.670206432765822480      1.006770248173052495
      0.000000000000000000      0.837758040957278127      0.786322813960029010
      0.000000000000000000      1.005309649148733664      0.547003373307654917
      0.000000000000000000      1.172861257340189312      0.303849246827453845
      0.000000000000000000      1.340412865531644959      0.072138702544499389
      0.000000000000000000      1.507964473723100607     -0.133569033872139142
      0.000000000000000000      1.675516081914556255     -0.300348588803270533
      0.000000000000000000      1.843067690106011902     -0.417720589440274681
      0.000000000000000000      2.010619298297467328     -0.478310121319105663
      0.000000000000000000      2.178170906488922753     -0.478310121319105663
      0.000000000000000000      2.345722514680378179     -0.417720589440275125
      0.000000000000000000      2.513274122871833605     -0.300348588803271754
      0.000000000000000000      2.680825731063289030     -0.133569033872140586
      0.000000000000000000      2.848377339254744456      0.072138702544497169
      0.000000000000000000      3.015928947446199881      0.303849246827451180
      0.000000000000000000      3.183480555637655307      0.547003373307652696
      0.000000000000000000      3.351032163829110733      0.786322813960026457
      0.000000000000000000      3.518583772020566158      1.006770248173049387
      0.000000000000000000      3.686135380212021584      1.194494152906167672
      0.000000000000000000      3.853686988403477010      1.337699144824771702
      0.000000000000000000      4.021238596594932879      1.427387127615497020
      0.000000000000000000      4.188790204786388749      1.457922675470274543
      0.145103949138737393     -0.083775804095727810      1.427387127615498352
      0.145103949138737393      0.083775804095727810      1.427387127615498352
      0.145103949138737393      0.251327412287183416      1.367275362292747820
      0.145103949138737393      0.418879020478639008      1.250828874938084034
      0.145103949138737393      0.586430628670094656      1.085364426612223099
      0.145103949138737393      0.753982236861550303      0.881278757139152491
      0.145103949138737393      0.921533845053005840      0.651395319706453924
      0.145103949138737393      1.089085453244461599      0.410158536140166063
      0.145103949138737393      1.256637061435917246      0.172726200758588244
      0.145103949138737393      1.424188669627372894     -0.045982939591208360
      0.145103949138737393      1.591740277818828542     -0.232226585265093322
      0.145103949138737393      1.759291886010284189     -0.374302363049161091
      0.145103949138737393      1.926843494201739615     -0.463283129307078712
      0.145103949138737393      2.094395102393194819     -0.493577895246493981
      0.145103949138737393      2.261946710584650244     -0.463283129307078712
      0.145103949138737393      2.429498318776105670     -0.374302363049161868
      0.145103949138737393      2.597049926967561095     -0.232226585265094432
      0.145103949138737393      2.764601535159016521     -0.045982939591210359
      0.145103949138737393      2.932153143350471947      0.172726200758585580
      0.145103949138737393      3.099704751541927372      0.410158536140162955
      0.145103949138737393      3.267256359733382798      0.651395319706450815
      0.145103949138737393      3.434807967924838223      0.881278757139149160
      0.145103949138737393      3.602359576116293649      1.085364426612219990
      0.145103949138737393      3.769911184307749075      1.250828874938081370
      0.145103949138737393      3.937462792499204944      1.367275362292746710
      0.145103949138737393      4.105014400690660814      1.427387127615497908
      0.290207898277474785     -0.167551608191455620      1.337699144824773700
      0.290207898277474785      0.000000000000000000      1.367275362292747598
      0.290207898277474785      0.167551608191455620      1.337699144824773700
      0.290207898277474785      0.335103216382911184      1.250828874938084034
      0.290207898277474785      0.502654824574366832      1.112122931176162677
      0.290207898277474785      0.670206432765822480      0.930296718110349419
      0.290207898277474785      0.837758040957278016      0.716775045417603618
      0.290207898277474785      1.005309649148733664      0.484974265070991062
      0.290207898277474785      1.172861257340189312      0.249459272603326898
      0.290207898277474785      1.340412865531644959      0.025028341154907041
      0.290207898277474785      1.507964473723100607     -0.174216708452135993
      0.290207898277474785      1.675516081914556255     -0.335756576978957444
      0.290207898277474785      1.843067690106011680     -0.449441120383938464
      0.290207898277474785      2.010619298297467328     -0.508127120702440371
      0.290207898277474785      2.178170906488922753     -0.508127120702440704
      0.290207898277474785      2.345722514680378179     -0.449441120383939019
      0.290207898277474785      2.513274122871833605     -0.335756576978958332
      0.290207898277474785      2.680825731063289030     -0.174216708452137770
      0.290207898277474785      2.848377339254744456      0.025028341154904821
      0.290207898277474785      3.015928947446199881      0.249459272603324234
      0.290207898277474785      3.183480555637655307      0.484974265070988730
      0.290207898277474785      3.351032163829110733      0.716775045417600731
      0.290207898277474785      3.518583772020566158      0.930296718110346754
      0.290207898277474785      3.686135380212021584      1.112122931176160012
      0.290207898277474785      3.853686988403477454      1.250828874938082258
      0.290207898277474785      4.021238596594932879      1.337699144824773256
      0.435311847416212205     -0.251327412287183416      1.194494152906170337
      0.435311847416212205     -0.083775804095727796      1.250828874938084034
      0.435311847416212205      0.083775804095727824      1.250828874938084034
      0.435311847416212205      0.251327412287183416      1.194494152906170337
      0.435311847416212205      0.418879020478639064      1.085364426612223099
      0.435311847416212205      0.586430628670094656      0.930296718110349419
      0.435311847416212205      0.753982236861550303      0.739034501824860746
      0.435311847416212205      0.921533845053005951      0.523595486218200956
      0.435311847416212205      1.089085453244461599      0.297516496970211985
      0.435311847416212205      1.256637061435917246      0.075002908435705784
      0.435311847416212205      1.424188669627372894     -0.129963932269960614
      0.435311847416212205      1.591740277818828542     -0.304505204729939916
      0.435311847416212205      1.759291886010283967     -0.437653838877674728
      0.435311847416212205      1.926843494201739393     -0.521043616343240146
      0.435311847416212205      2.094395102393194819     -0.549434850722327006
      0.435311847416212205      2.261946710584650244     -0.521043616343240812
      0.435311847416212205      2.429498318776105670     -0.437653838877675394
      0.435311847416212205      2.597049926967561095     -0.304505204729941026
      0.435311847416212205      2.764601535159016521     -0.129963932269962168
      0.435311847416212205      2.932153143350471947      0.075002908435703119
      0.435311847416212205      3.099704751541927372      0.297516496970208655
      0.435311847416212205      3.267256359733382798      0.523595486218198181
      0.435311847416212205      3.434807967924838223      0.739034501824857526
      0.435311847416212205      3.602359576116293649      0.930296718110346532
      0.435311847416212205      3.769911184307749519      1.085364426612221322
      0.435311847416212205      3.937462792499205388      1.194494152906169226
      0.580415796554949570     -0.335103216382911240      1.006770248173052495
      0.580415796554949570     -0.167551608191455620      1.085364426612223321
      0.580415796554949570      0.000000000000000000      1.112122931176162677
      0.580415796554949570      0.167551608191455592      1.085364426612223099
      0.580415796554949570      0.335103216382911240      1.006770248173052495
      0.580415796554949570      0.502654824574366943      0.881278757139152491
      0.580415796554949570      0.670206432765822369      0.716775045417603618
      0.580415796554949570      0.837758040957278016      0.523595486218201067
      0.580415796554949570      1.005309649148733664      0.313878261710164530
      0.580415796554949570      1.172861257340189312      0.100800676395333744
      0.580415796554949570      1.340412865531644959     -0.102248821396418776
      0.580415796554949570      1.507964473723100607     -0.282511884955021442
      0.580415796554949570      1.675516081914556032     -0.428661923035914327
      0.580415796554949570      1.843067690106011458     -0.531515791244233426
      0.580415796554949570      2.010619298297466884     -0.584610802770383797
      0.580415796554949570      2.178170906488922309     -0.584610802770384019
      0.580415796554949570      2.345722514680377735     -0.531515791244234315
      0.580415796554949570      2.513274122871833161     -0.428661923035915438
      0.580415796554949570      2.680825731063288586     -0.282511884955023218
      0.580415796554949570      2.848377339254744012     -0.102248821396421219
      0.580415796554949570      3.015928947446199437      0.100800676395331523
      0.580415796554949570      3.183480555637654863      0.313878261710161865
      0.580415796554949570      3.351032163829110289      0.523595486218197737
      0.580415796554949570      3.518583772020565714      0.716775045417600287
      0.580415796554949570      3.686135380212021584      0.881278757139150271
      0.580415796554949570      3.853686988403477454      1.006770248173050941
      0.725519745693687046     -0.418879020478639064      0.786322813960029121
      0.725519745693687046     -0.251327412287183471      0.881278757139152491
      0.725519745693687046     -0.083775804095727824      0.930296718110349308
      0.725519745693687046      0.083775804095727768      0.930296718110349308
      0.725519745693687046      0.251327412287183416      0.881278757139152491
      0.725519745693687046      0.418879020478639064      0.786322813960029121
      0.725519745693687046      0.586430628670094656      0.651395319706454146
      0.725519745693687046      0.753982236861550303      0.484974265070991173
      0.725519745693687046      0.921533845053005951      0.297516496970211985
      0.725519745693687046      1.089085453244461599      0.100800676395333522
      0.725519745693687046      1.256637061435917246     -0.092812818176743583
      0.725519745693687046      1.424188669627372894     -0.271158538821432593
      0.725519745693687046      1.591740277818828320     -0.423030368000948620
      0.725519745693687046      1.759291886010283745     -0.538885640142425792
      0.725519745693687046      1.926843494201739171     -0.611444742411329845
      0.725519745693687046      2.094395102393194374     -0.636148519558393355
      0.725519745693687046      2.261946710584649800     -0.611444742411330511
      0.725519745693687046      2.429498318776105226     -0.538885640142426681
      0.725519745693687046      2.597049926967560651     -0.423030368000950174
      0.725519745693687046      2.764601535159016077     -0.271158538821434592
      0.725519745693687046      2.932153143350471503     -0.092812818176746470
      0.725519745693687046      3.099704751541926928      0.100800676395330857
      0.725519745693687046      3.267256359733382354      0.297516496970209099
      0.725519745693687046      3.434807967924837779      0.484974265070987953
      0.725519745693687046      3.602359576116293649      0.651395319706451259
      0.725519745693687046      3.769911184307749519      0.786322813960027234
      0.870623694832424411     -0.502654824574366832      0.547003373307655361
      0.870623694832424411     -0.335103216382911184      0.651395319706454146
      0.870623694832424411     -0.167551608191455592      0.716775045417603618
      0.870623694832424411      0.000000000000000000      0.739034501824860746
      0.870623694832424411      0.167551608191455648      0.716775045417603618
      0.870623694832424411      0.335103216382911295      0.651395319706453924
      0.870623694832424411      0.502654824574366832      0.547003373307655361
      0.870623694832424411      0.670206432765822480      0.410158536140166285
      0.870623694832424411      0.837758040957278127      0.249459272603326898
      0.870623694832424411      1.005309649148733886      0.075002908435705784
      0.870623694832424411      1.172861257340189312     -0.102248821396418776
      0.870623694832424411      1.340412865531645181     -0.271158538821432815
      0.870623694832424411      1.507964473723100607     -0.421113025087034964
      0.870623694832424411      1.675516081914556032     -0.542690088327135500
      0.870623694832424411      1.843067690106011458     -0.628250594529197626
      0.870623694832424411      2.010619298297466884     -0.672418462419014595
      0.870623694832424411      2.178170906488922309     -0.672418462419015261
      0.870623694832424411      2.345722514680377735     -0.628250594529198292
      0.870623694832424411      2.513274122871833161     -0.542690088327136611
      0.870623694832424411      2.680825731063288586     -0.421113025087036741
      0.870623694832424411      2.848377339254744012     -0.271158538821434592
      0.870623694832424411      3.015928947446199437     -0.102248821396420775
      0.870623694832424411      3.183480555637654863      0.075002908435703342
      0.870623694832424411      3.351032163829110289      0.249459272603324234
      0.870623694832424411      3.518583772020566158      0.410158536140164287
      0.870623694832424411      3.686135380212022028      0.547003373307653584
      1.015727643971161775     -0.586430628670094656      0.303849246827453956
      1.015727643971161775     -0.418879020478639008      0.410158536140166508
      1.015727643971161775     -0.251327412287183416      0.484974265070991284
      1.015727643971161775     -0.083775804095727824      0.523595486218201067
      1.015727643971161775      0.083775804095727824      0.523595486218201067
      1.015727643971161775      0.251327412287183471      0.484974265070991284
      1.015727643971161775      0.418879020478639008      0.410158536140166508
      1.015727643971161775      0.586430628670094656      0.303849246827453956
      1.015727643971161775      0.753982236861550303      0.172726200758588466
      1.015727643971161775      0.921533845053005951      0.025028341154907041
      1.015727643971161775      1.089085453244461599     -0.129963932269960392
      1.015727643971161775      1.256637061435917246     -0.282511884955021664
      1.015727643971161775      1.424188669627372672     -0.423030368000948398
      1.015727643971161775      1.591740277818828098     -0.542690088327135500
      1.015727643971161775      1.759291886010283523     -0.633972385627820989
      1.015727643971161775      1.926843494201738949     -0.691141657450796254
      1.015727643971161775      2.094395102393194374     -0.710605748193549935
      1.015727643971161775      2.261946710584649800     -0.691141657450796698
      1.015727643971161775      2.429498318776105226     -0.633972385627821655
      1.015727643971161775      2.597049926967560651     -0.542690088327137055
      1.015727643971161775      2.764601535159016077     -0.423030368000950396
      1.015727643971161775      2.932153143350471503     -0.282511884955023884
      1.015727643971161775      3.099704751541926928     -0.129963932269962834
      1.015727643971161775      3.267256359733382354      0.025028341154904599
      1.015727643971161775      3.434807967924838223      0.172726200758586357
      1.015727643971161775      3.602359576116294093      0.303849246827452402
      1.160831593109899140     -0.670206432765822480      0.072138702544499611
      1.160831593109899140     -0.502654824574366832      0.172726200758588577
      1.160831593109899140     -0.335103216382911240      0.249459272603327120
      1.160831593109899140     -0.167551608191455648      0.297516496970212430
      1.160831593109899140      0.000000000000000000      0.313878261710165085
      1.160831593109899140      0.167551608191455648      0.297516496970212430
      1.160831593109899140      0.335103216382911184      0.249459272603327120
      1.160831593109899140      0.502654824574366832      0.172726200758588577
      1.160831593109899140      0.670206432765822480      0.072138702544499611
      1.160831593109899140      0.837758040957278127     -0.045982939591207916
      1.160831593109899140      1.005309649148733886     -0.174216708452135993
      1.160831593109899140      1.172861257340189312     -0.304505204729939694
      1.160831593109899140      1.340412865531644737     -0.428661923035913883
      1.160831593109899140      1.507964473723100163     -0.538885640142425570
      1.160831593109899140      1.675516081914555588     -0.628250594529197404
      1.160831593109899140      1.843067690106011014     -0.691141657450796032
      1.160831593109899140      2.010619298297466440     -0.723607152126708009
      1.160831593109899140      2.178170906488921865     -0.723607152126708009
      1.160831593109899140      2.345722514680377291     -0.691141657450796698
      1.160831593109899140      2.513274122871832716     -0.628250594529198514
      1.160831593109899140      2.680825731063288142     -0.538885640142427125
      1.160831593109899140      2.848377339254743568     -0.428661923035915882
      1.160831593109899140      3.015928947446198993     -0.304505204729941692
      1.160831593109899140      3.183480555637654419     -0.174216708452137770
      1.160831593109899140      3.351032163829110289     -0.045982939591209915
      1.160831593109899140      3.518583772020566158      0.072138702544497946
      1.305935542248636727     -0.753982236861550303     -0.133569033872139142
      1.305935542248636727     -0.586430628670094656     -0.045982939591208249
      1.305935542248636727     -0.418879020478639064      0.025028341154907041
      1.305935542248636727     -0.251327412287183471      0.075002908435705784
      1.305935542248636727     -0.083775804095727824      0.100800676395333855
      1.305935542248636727      0.083775804095727824      0.100800676395333855
      1.305935542248636727      0.251327412287183360      0.075002908435705895
      1.305935542248636727      0.418879020478639008      0.025028341154907041
      1.305935542248636727      0.586430628670094656     -0.045982939591208249
      1.305935542248636727      0.753982236861550303     -0.133569033872139142
      1.305935542248636727      0.921533845053005951     -0.232226585265093100
      1.305935542248636727      1.089085453244461599     -0.335756576978957444
      1.305935542248636727      1.256637061435917024     -0.437653838877674506
      1.305935542248636727      1.424188669627372450     -0.531515791244233426
      1.305935542248636727      1.591740277818827876     -0.611444742411329623
      1.305935542248636727      1.759291886010283301     -0.672418462419014595
      1.305935542248636727      1.926843494201738727     -0.710605748193549935
      1.305935542248636727      2.094395102393193930     -0.723607152126708009
      1.305935542248636727      2.261946710584649800     -0.710605748193549935
      1.305935542248636727      2.429498318776104782     -0.672418462419015484
      1.305935542248636727      2.597049926967560651     -0.611444742411330733
      1.305935542248636727      2.764601535159015633     -0.531515791244234981
      1.305935542248636727      2.932153143350471503     -0.437653838877676060
      1.305935542248636727      3.099704751541926484     -0.335756576978959220
      1.305935542248636727      3.267256359733382354     -0.232226585265094765
      1.305935542248636727      3.434807967924838223     -0.133569033872140697
      1.451039491387374092     -0.837758040957278127     -0.300348588803270533
      1.451039491387374092     -0.670206432765822480     -0.232226585265092877
      1.451039491387374092     -0.502654824574366943     -0.174216708452135771
      1.451039491387374092     -0.335103216382911295     -0.129963932269960281
      1.451039491387374092     -0.167551608191455648     -0.102248821396418554
      1.451039491387374092      0.000000000000000000     -0.092812818176743250
      1.451039491387374092      0.167551608191455537     -0.102248821396418443
      1.451039491387374092      0.335103216382911184     -0.129963932269960281
      1.451039491387374092      0.502654824574366832     -0.174216708452135660
      1.451039491387374092      0.670206432765822480     -0.232226585265092877
      1.451039491387374092      0.837758040957278127     -0.300348588803270533
      1.451039491387374092      1.005309649148733886     -0.374302363049160758
      1.451039491387374092      1.172861257340189312     -0.449441120383938353
      1.451039491387374092      1.340412865531644737     -0.521043616343240368
      1.451039491387374092      1.507964473723100163     -0.584610802770383575
      1.451039491387374092      1.675516081914555588     -0.636148519558393355
      1.451039491387374092      1.843067690106011014     -0.672418462419015039
      1.451039491387374092      2.010619298297466440     -0.691141657450796254
      1.451039491387374092      2.178170906488921865     -0.691141657450796476
      1.451039491387374092      2.345722514680377291     -0.672418462419015484
      1.451039491387374092      2.513274122871832716     -0.636148519558394243
      1.451039491387374092      2.680825731063288142     -0.584610802770384685
      1.451039491387374092      2.848377339254743568     -0.521043616343241034
      1.451039491387374092      3.015928947446198993     -0.449441120383939574
      1.451039491387374092      3.183480555637654863     -0.374302363049161757
      1.451039491387374092      3.351032163829110733     -0.300348588803271421
      1.596143440526111457     -0.921533845053005951     -0.417720589440274570
      1.596143440526111457     -0.753982236861550303     -0.374302363049160647
      1.596143440526111457     -0.586430628670094656     -0.335756576978957222
      1.596143440526111457     -0.418879020478639119     -0.304505204729939694
      1.596143440526111457     -0.251327412287183471     -0.282511884955021442
      1.596143440526111457     -0.083775804095727824     -0.271158538821432482
      1.596143440526111457      0.083775804095727713     -0.271158538821432482
      1.596143440526111457      0.251327412287183360     -0.282511884955021442
      1.596143440526111457      0.418879020478639008     -0.304505204729939694
      1.596143440526111457      0.586430628670094656     -0.335756576978957222
      1.596143440526111457      0.753982236861550303     -0.374302363049160647
      1.596143440526111457      0.921533845053005951     -0.417720589440274570
      1.596143440526111457      1.089085453244461377     -0.463283129307078267
      1.596143440526111457      1.256637061435916802     -0.508127120702440260
      1.596143440526111457      1.424188669627372228     -0.549434850722326784
      1.596143440526111457      1.591740277818827654     -0.584610802770383797
      1.596143440526111457      1.759291886010283079     -0.611444742411330067
      1.596143440526111457      1.926843494201738505     -0.628250594529197404
      1.596143440526111457      2.094395102393193930     -0.633972385627820989
      1.596143440526111457      2.261946710584649356     -0.628250594529198070
      1.596143440526111457      2.429498318776104782     -0.611444742411330289
      1.596143440526111457      2.597049926967560207     -0.584610802770384463
      1.596143440526111457      2.764601535159015633     -0.549434850722327450
      1.596143440526111457      2.932153143350471058     -0.508127120702441148
      1.596143440526111457      3.099704751541926928     -0.463283129307078934
      1.596143440526111457      3.267256359733382798     -0.417720589440275347
      1.741247389664848821     -1.005309649148733664     -0.478310121319105663
      1.741247389664848821     -0.837758040957278016     -0.463283129307078156
      1.741247389664848821     -0.670206432765822369     -0.449441120383938353
      1.741247389664848821     -0.502654824574366832     -0.437653838877674395
      1.741247389664848821     -0.335103216382911184     -0.428661923035914105
      1.741247389664848821     -0.167551608191455537     -0.423030368000948398
      1.741247389664848821      0.000000000000000000     -0.421113025087034853
      1.741247389664848821      0.167551608191455648     -0.423030368000948287
      1.741247389664848821      0.335103216382911295     -0.428661923035914105
      1.741247389664848821      0.502654824574366943     -0.437653838877674506
      1.741247389664848821      0.670206432765822591     -0.449441120383938353
      1.741247389664848821      0.837758040957278238     -0.463283129307078267
      1.741247389664848821      1.005309649148733664     -0.478310121319105774
      1.741247389664848821      1.172861257340189090     -0.493577895246494092
      1.741247389664848821      1.340412865531644515     -0.508127120702440704
      1.741247389664848821      1.507964473723099941     -0.521043616343240590
      1.741247389664848821      1.675516081914555366     -0.531515791244234093
      1.741247389664848821      1.843067690106010792     -0.538885640142426237
      1.741247389664848821      2.010619298297465996     -0.542690088327136166
      1.741247389664848821      2.178170906488921865     -0.542690088327136166
      1.741247389664848821      2.345722514680376847     -0.538885640142426681
      1.741247389664848821      2.513274122871832716     -0.531515791244234315
      1.741247389664848821      2.680825731063287698     -0.521043616343240812
      1.741247389664848821      2.848377339254743568     -0.508127120702441148
      1.741247389664848821      3.015928947446199437     -0.493577895246494092
      1.741247389664848821      3.183480555637655307     -0.478310121319105885
      1.886351338803585964     -1.089085453244461377     -0.478310121319106218
      1.886351338803585964     -0.921533845053005729     -0.493577895246493870
      1.886351338803585964     -0.753982236861550081     -0.508127120702440482
      1.886351338803585964     -0.586430628670094545     -0.521043616343240146
      1.886351338803585964     -0.418879020478638897     -0.531515791244233315
      1.886351338803585964     -0.251327412287183249     -0.538885640142425681
      1.886351338803585964     -0.083775804095727713     -0.542690088327135389
      1.886351338803585964      0.083775804095727935     -0.542690088327135500
      1.886351338803585964      0.251327412287183583     -0.538885640142425681
      1.886351338803585964      0.418879020478639230     -0.531515791244233426
      1.886351338803585964      0.586430628670094878     -0.521043616343240146
      1.886351338803585964      0.753982236861550525     -0.508127120702440482
      1.886351338803585964      0.921533845053005951     -0.493577895246493870
      1.886351338803585964      1.089085453244461377     -0.478310121319106218
      1.886351338803585964      1.256637061435916802     -0.463283129307078712
      1.886351338803585964      1.424188669627372228     -0.449441120383939241
      1.886351338803585964      1.591740277818827654     -0.437653838877675838
      1.886351338803585964      1.759291886010283079     -0.428661923035914993
      1.886351338803585964      1.926843494201738505     -0.423030368000949730
      1.886351338803585964      2.094395102393193930     -0.421113025087036075
      1.886351338803585964      2.261946710584649356     -0.423030368000949508
      1.886351338803585964      2.429498318776104782     -0.428661923035915216
      1.886351338803585964      2.597049926967560207     -0.437653838877675394
      1.886351338803585964      2.764601535159015633     -0.449441120383938908
      1.886351338803585964      2.932153143350471503     -0.463283129307078489
      1.886351338803585964      3.099704751541927372     -0.478310121319105663
      2.031455287942323107     -1.172861257340189090     -0.417720589440275236
      2.031455287942323107     -1.005309649148733442     -0.463283129307078823
      2.031455287942323107     -0.837758040957277794     -0.508127120702440704
      2.031455287942323107     -0.670206432765822258     -0.549434850722327117
      2.031455287942323107     -0.502654824574366610     -0.584610802770383908
      2.031455287942323107     -0.335103216382910962     -0.611444742411329734
      2.031455287942323107     -0.167551608191455426     -0.628250594529197293
      2.031455287942323107      0.000000000000000222     -0.633972385627820656
      2.031455287942323107      0.167551608191455870     -0.628250594529197182
      2.031455287942323107      0.335103216382911517     -0.611444742411329623
      2.031455287942323107      0.502654824574367165     -0.584610802770383686
      2.031455287942323107      0.670206432765822813     -0.549434850722326895
      2.031455287942323107      0.837758040957278238     -0.508127120702440704
      2.031455287942323107      1.005309649148733664     -0.463283129307078934
      2.031455287942323107      1.172861257340189090     -0.417720589440275236
      2.031455287942323107      1.340412865531644515     -0.374302363049161757
      2.031455287942323107      1.507964473723099941     -0.335756576978958554
      2.031455287942323107      1.675516081914555366     -0.304505204729941026
      2.031455287942323107      1.843067690106010792     -0.282511884955023218
      2.031455287942323107      2.010619298297465996     -0.271158538821433925
      2.031455287942323107      2.178170906488921865     -0.271158538821433925
      2.031455287942323107      2.345722514680376847     -0.282511884955022996
      2.031455287942323107      2.513274122871832716     -0.304505204729941026
      2.031455287942323107      2.680825731063287698     -0.335756576978957888
      2.031455287942323107      2.848377339254743568     -0.374302363049161313
      2.031455287942323107      3.015928947446199437     -0.417720589440274681
      2.176559237081060250     -1.256637061435916802     -0.300348588803272087
      2.176559237081060250     -1.089085453244461155     -0.374302363049162201
      2.176559237081060250     -0.921533845053005507     -0.449441120383939352
      2.176559237081060250     -0.753982236861549970     -0.521043616343240923
      2.176559237081060250     -0.586430628670094323     -0.584610802770384241
      2.176559237081060250     -0.418879020478638675     -0.636148519558393577
      2.176559237081060250     -0.251327412287183138     -0.672418462419014928
      2.176559237081060250     -0.083775804095727491     -0.691141657450796143
      2.176559237081060250      0.083775804095728157     -0.691141657450796143
      2.176559237081060250      0.251327412287183805     -0.672418462419014706
      2.176559237081060250      0.418879020478639452     -0.636148519558393355
      2.176559237081060250      0.586430628670095100     -0.584610802770383797
      2.176559237081060250      0.753982236861550525     -0.521043616343240701
      2.176559237081060250      0.921533845053005951     -0.449441120383939241
      2.176559237081060250      1.089085453244461377     -0.374302363049161757
      2.176559237081060250      1.256637061435916802     -0.300348588803272087
      2.176559237081060250      1.424188669627372228     -0.232226585265095098
      2.176559237081060250      1.591740277818827654     -0.174216708452137770
      2.176559237081060250      1.759291886010283079     -0.129963932269962834
      2.176559237081060250      1.926843494201738505     -0.102248821396420775
      2.176559237081060250      2.094395102393193930     -0.092812818176745360
      2.176559237081060250      2.261946710584649356     -0.102248821396420775
      2.176559237081060250      2.429498318776104782     -0.129963932269961946
      2.176559237081060250      2.597049926967560207     -0.174216708452137103
      2.176559237081060250      2.764601535159016077     -0.232226585265093766
      2.176559237081060250      2.932153143350471947     -0.300348588803270866
      2.321663186219797836     -1.340412865531644515     -0.133569033872140808
      2.321663186219797836     -1.172861257340188867     -0.232226585265094654
      2.321663186219797836     -1.005309649148733220     -0.335756576978958221
      2.321663186219797836     -0.837758040957277683     -0.437653838877675505
      2.321663186219797836     -0.670206432765822036     -0.531515791244234315
      2.321663186219797836     -0.502654824574366388     -0.611444742411330289
      2.321663186219797836     -0.335103216382910851     -0.672418462419015039
      2.321663186219797836     -0.167551608191455204     -0.710605748193549935
      2.321663186219797836      0.000000000000000444     -0.723607152126707898
      2.321663186219797836      0.167551608191456092     -0.710605748193549824
      2.321663186219797836      0.335103216382911739     -0.672418462419014817
      2.321663186219797836      0.502654824574367387     -0.611444742411329845
      2.321663186219797836      0.670206432765822813     -0.531515791244233982
      2.321663186219797836      0.837758040957278238     -0.437653838877675283
      2.321663186219797836      1.005309649148733664     -0.335756576978958221
      2.321663186219797836      1.172861257340189090     -0.232226585265094210
      2.321663186219797836      1.340412865531644515     -0.133569033872140808
      2.321663186219797836      1.507964473723099941     -0.045982939591209915
      2.321663186219797836      1.675516081914555366      0.025028341154905265
      2.321663186219797836      1.843067690106010792      0.075002908435703786
      2.321663186219797836      2.010619298297465996      0.100800676395332189
      2.321663186219797836      2.178170906488921865      0.100800676395332633
      2.321663186219797836      2.345722514680376847      0.075002908435704896
      2.321663186219797836      2.513274122871832716      0.025028341154906153
      2.321663186219797836      2.680825731063288586     -0.045982939591208805
      2.321663186219797836      2.848377339254744456     -0.133569033872139586
      2.466767135358534979     -1.424188669627372228      0.072138702544497169
      2.466767135358534979     -1.256637061435916580     -0.045982939591210359
      2.466767135358534979     -1.089085453244460933     -0.174216708452137659
      2.466767135358534979     -0.921533845053005396     -0.304505204729941470
      2.466767135358534979     -0.753982236861549748     -0.428661923035915438
      2.466767135358534979     -0.586430628670094101     -0.538885640142426903
      2.466767135358534979     -0.418879020478638564     -0.628250594529198181
      2.466767135358534979     -0.251327412287182916     -0.691141657450796587
      2.466767135358534979     -0.083775804095727269     -0.723607152126708120
      2.466767135358534979      0.083775804095728379     -0.723607152126708231
      2.466767135358534979      0.251327412287184027     -0.691141657450796254
      2.466767135358534979      0.418879020478639674     -0.628250594529197626
      2.466767135358534979      0.586430628670095100     -0.538885640142426237
      2.466767135358534979      0.753982236861550525     -0.428661923035914882
      2.466767135358534979      0.921533845053005951     -0.304505204729940915
      2.466767135358534979      1.089085453244461377     -0.174216708452137325
      2.466767135358534979      1.256637061435916802     -0.045982939591210026
      2.466767135358534979      1.424188669627372228      0.072138702544497169
      2.466767135358534979      1.591740277818827654      0.172726200758586246
      2.466767135358534979      1.759291886010283079      0.249459272603324234
      2.466767135358534979      1.926843494201738505      0.297516496970209765
      2.466767135358534979      2.094395102393193930      0.313878261710162532
      2.466767135358534979      2.261946710584649356      0.297516496970210209
      2.466767135358534979      2.429498318776104782      0.249459272603325566
      2.466767135358534979      2.597049926967560651      0.172726200758587578
      2.466767135358534979      2.764601535159016521      0.072138702544498501
      2.611871084497272122     -1.507964473723099941      0.303849246827451180
      2.611871084497272122     -1.340412865531644293      0.172726200758585913
      2.611871084497272122     -1.172861257340188645      0.025028341154904599
      2.611871084497272122     -1.005309649148732998     -0.129963932269962723
      2.611871084497272122     -0.837758040957277461     -0.282511884955023440
      2.611871084497272122     -0.670206432765821813     -0.423030368000950174
      2.611871084497272122     -0.502654824574366277     -0.542690088327136722
      2.611871084497272122     -0.335103216382910629     -0.633972385627821766
      2.611871084497272122     -0.167551608191454982     -0.691141657450796698
      2.611871084497272122      0.000000000000000666     -0.710605748193550268
      2.611871084497272122      0.167551608191456314     -0.691141657450796476
      2.611871084497272122      0.335103216382911961     -0.633972385627820989
      2.611871084497272122      0.502654824574367387     -0.542690088327136166
      2.611871084497272122      0.670206432765822813     -0.423030368000949397
      2.611871084497272122      0.837758040957278238     -0.282511884955022774
      2.611871084497272122      1.005309649148733664     -0.129963932269961946
      2.611871084497272122      1.172861257340189090      0.025028341154904710
      2.611871084497272122      1.340412865531644515      0.172726200758585913
      2.611871084497272122      1.507964473723099941      0.303849246827451180
      2.611871084497272122      1.675516081914555366      0.410158536140163177
      2.611871084497272122      1.843067690106010792      0.484974265070988397
      2.611871084497272122      2.010619298297465996      0.523595486218198181
      2.611871084497272122      2.178170906488921865      0.523595486218198625
      2.611871084497272122      2.345722514680376847      0.484974265070989285
      2.611871084497272122      2.513274122871832716      0.410158536140164953
      2.611871084497272122      2.680825731063288586      0.303849246827452735
      2.756975033636009265     -1.591740277818827654      0.547003373307651919
      2.756975033636009265     -1.424188669627372006      0.410158536140162955
      2.756975033636009265     -1.256637061435916358      0.249459272603323678
      2.756975033636009265     -1.089085453244460933      0.075002908435703231
      2.756975033636009265     -0.921533845053005174     -0.102248821396421219
      2.756975033636009265     -0.753982236861549526     -0.271158538821434814
      2.756975033636009265     -0.586430628670093990     -0.421113025087036630
      2.756975033636009265     -0.418879020478638342     -0.542690088327136944
      2.756975033636009265     -0.251327412287182694     -0.628250594529198625
      2.756975033636009265     -0.083775804095727047     -0.672418462419015484
      2.756975033636009265      0.083775804095728601     -0.672418462419015484
      2.756975033636009265      0.251327412287184249     -0.628250594529198070
      2.756975033636009265      0.418879020478639674     -0.542690088327136055
      2.756975033636009265      0.586430628670095100     -0.421113025087035742
      2.756975033636009265      0.753982236861550525     -0.271158538821433703
      2.756975033636009265      0.921533845053005951     -0.102248821396420553
      2.756975033636009265      1.089085453244461377      0.075002908435703453
      2.756975033636009265      1.256637061435916802      0.249459272603324123
      2.756975033636009265      1.424188669627372228      0.410158536140163399
      2.756975033636009265      1.591740277818827654      0.547003373307651808
      2.756975033636009265      1.759291886010283079      0.651395319706450815
      2.756975033636009265      1.926843494201738505      0.716775045417600065
      2.756975033636009265      2.094395102393193930      0.739034501824857637
      2.756975033636009265      2.261946710584649356      0.716775045417601064
      2.756975033636009265      2.429498318776105226      0.651395319706452036
      2.756975033636009265      2.597049926967561095      0.547003373307653584
      2.902078982774746407     -1.675516081914555366      0.786322813960025790
      2.902078982774746407     -1.507964473723099719      0.651395319706450593
      2.902078982774746407     -1.340412865531644071      0.484974265070987398
      2.902078982774746407     -1.172861257340188423      0.297516496970208433
      2.902078982774746407     -1.005309649148732998      0.100800676395330857
      2.902078982774746407     -0.837758040957277239     -0.092812818176746026
      2.902078982774746407     -0.670206432765821702     -0.271158538821434814
      2.902078982774746407     -0.502654824574366055     -0.423030368000950507
      2.902078982774746407     -0.335103216382910407     -0.538885640142427458
      2.902078982774746407     -0.167551608191454759     -0.611444742411330955
      2.902078982774746407      0.000000000000000888     -0.636148519558394243
      2.902078982774746407      0.167551608191456536     -0.611444742411330289
      2.902078982774746407      0.335103216382911961     -0.538885640142426570
      2.902078982774746407      0.502654824574367387     -0.423030368000949286
      2.902078982774746407      0.670206432765822813     -0.271158538821433481
      2.902078982774746407      0.837758040957278238     -0.092812818176745138
      2.902078982774746407      1.005309649148733664      0.100800676395331634
      2.902078982774746407      1.172861257340189090      0.297516496970209321
      2.902078982774746407      1.340412865531644515      0.484974265070988175
      2.902078982774746407      1.507964473723099941      0.651395319706450593
      2.902078982774746407      1.675516081914555366      0.786322813960025901
      2.902078982774746407      1.843067690106010792      0.881278757139148716
      2.902078982774746407      2.010619298297465996      0.930296718110346310
      2.902078982774746407      2.178170906488921865      0.930296718110346754
      2.902078982774746407      2.345722514680377735      0.881278757139150271
      2.902078982774746407      2.513274122871833605      0.786322813960026901
      3.047182931913483994     -1.759291886010283079      1.006770248173049387
      3.047182931913483994     -1.591740277818827431      0.881278757139149604
      3.047182931913483994     -1.424188669627371784      0.716775045417600287
      3.047182931913483994     -1.256637061435916358      0.523595486218197848
      3.047182931913483994     -1.089085453244460489      0.313878261710161310
      3.047182931913483994     -0.921533845053004952      0.100800676395330857
      3.047182931913483994     -0.753982236861549415     -0.102248821396421219
      3.047182931913483994     -0.586430628670093768     -0.282511884955023662
      3.047182931913483994     -0.418879020478638120     -0.428661923035916104
      3.047182931913483994     -0.251327412287182472     -0.531515791244234981
      3.047182931913483994     -0.083775804095726825     -0.584610802770384685
      3.047182931913483994      0.083775804095728823     -0.584610802770384352
      3.047182931913483994      0.251327412287184249     -0.531515791244233982
      3.047182931913483994      0.418879020478639674     -0.428661923035914882
      3.047182931913483994      0.586430628670095100     -0.282511884955022441
      3.047182931913483994      0.753982236861550525     -0.102248821396419776
      3.047182931913483994      0.921533845053005951      0.100800676395332411
      3.047182931913483994      1.089085453244461377      0.313878261710162532
      3.047182931913483994      1.256637061435916802      0.523595486218198292
      3.047182931913483994      1.424188669627372228      0.716775045417600509
      3.047182931913483994      1.591740277818827654      0.881278757139149604
      3.047182931913483994      1.759291886010283079      1.006770248173049387
      3.047182931913483994      1.926843494201738505      1.085364426612220212
      3.047182931913483994      2.094395102393193930      1.112122931176160456
      3.047182931913483994      2.261946710584649800      1.085364426612221322
      3.047182931913483994      2.429498318776105670      1.006770248173050719
      3.192286881052221137     -1.843067690106010792      1.194494152906167672
      3.192286881052221137     -1.675516081914555144      1.085364426612219990
      3.192286881052221137     -1.507964473723099497      0.930296718110346088
      3.192286881052221137     -1.340412865531643849      0.739034501824857415
      3.192286881052221137     -1.172861257340188423      0.523595486218197959
      3.192286881052221137     -1.005309649148732554      0.297516496970208766
      3.192286881052221137     -0.837758040957277128      0.075002908435703231
      3.192286881052221137     -0.670206432765821480     -0.129963932269962945
      3.192286881052221137     -0.502654824574365833     -0.304505204729941692
      3.192286881052221137     -0.335103216382910185     -0.437653838877676171
      3.192286881052221137     -0.167551608191454537     -0.521043616343241367
      3.192286881052221137      0.000000000000001110     -0.549434850722327561
      3.192286881052221137      0.167551608191456536     -0.521043616343240701
      3.192286881052221137      0.335103216382911961     -0.437653838877675061
      3.192286881052221137      0.502654824574367387     -0.304505204729940471
      3.192286881052221137      0.670206432765822813     -0.129963932269961169
      3.192286881052221137      0.837758040957278238      0.075002908435704230
      3.192286881052221137      1.005309649148733664      0.297516496970210431
      3.192286881052221137      1.172861257340189090      0.523595486218198514
      3.192286881052221137      1.340412865531644515      0.739034501824857859
      3.192286881052221137      1.507964473723099941      0.930296718110346865
      3.192286881052221137      1.675516081914555366      1.085364426612220212
      3.192286881052221137      1.843067690106010792      1.194494152906167450
      3.192286881052221137      2.010619298297465996      1.250828874938081370
      3.192286881052221137      2.178170906488921865      1.250828874938081814
      3.192286881052221137      2.345722514680377735      1.194494152906168560
      3.337390830190958280     -1.926843494201738505      1.337699144824771702
      3.337390830190958280     -1.759291886010282857      1.250828874938081370
      3.337390830190958280     -1.591740277818827209      1.112122931176159568
      3.337390830190958280     -1.424188669627371784      0.930296718110346421
      3.337390830190958280     -1.256637061435915914      0.716775045417600065
      3.337390830190958280     -1.089085453244460489      0.484974265070988397
      3.337390830190958280     -0.921533845053004841      0.249459272603324012
      3.337390830190958280     -0.753982236861549193      0.025028341154904155
      3.337390830190958280     -0.586430628670093546     -0.174216708452138214
      3.337390830190958280     -0.418879020478637898     -0.335756576978959220
      3.337390830190958280     -0.251327412287182250     -0.449441120383939907
      3.337390830190958280     -0.083775804095726603     -0.508127120702441148
      3.337390830190958280      0.083775804095728823     -0.508127120702440926
      3.337390830190958280      0.251327412287184249     -0.449441120383938797
      3.337390830190958280      0.418879020478639674     -0.335756576978957777
      3.337390830190958280      0.586430628670095100     -0.174216708452136659
      3.337390830190958280      0.753982236861550525      0.025028341154906042
      3.337390830190958280      0.921533845053005951      0.249459272603325677
      3.337390830190958280      1.089085453244461377      0.484974265070989508
      3.337390830190958280      1.256637061435916802      0.716775045417601397
      3.337390830190958280      1.424188669627372228      0.930296718110347198
      3.337390830190958280      1.591740277818827654      1.112122931176160456
      3.337390830190958280      1.759291886010283079      1.250828874938081370
      3.337390830190958280      1.926843494201738505      1.337699144824771702
      3.337390830190958280      2.094395102393194374      1.367275362292746044
      3.337390830190958280      2.261946710584650244      1.337699144824772812
      3.482494779329695866     -2.010619298297466440      1.427387127615497020
      3.482494779329695866     -1.843067690106010792      1.367275362292746266
      3.482494779329695866     -1.675516081914555144      1.250828874938082036
      3.482494779329695866     -1.507964473723099719      1.085364426612221322
      3.482494779329695866     -1.340412865531643849      0.881278757139150160
      3.482494779329695866     -1.172861257340188423      0.651395319706452036
      3.482494779329695866     -1.005309649148732776      0.410158536140164065
      3.482494779329695866     -0.837758040957277128      0.172726200758586135
      3.482494779329695866     -0.670206432765821480     -0.045982939591210470
      3.482494779329695866     -0.502654824574365833     -0.232226585265094654
      3.482494779329695866     -0.335103216382910185     -0.374302363049162090
      3.482494779329695866     -0.167551608191454537     -0.463283129307078934
      3.482494779329695866      0.000000000000000888     -0.493577895246494092
      3.482494779329695866      0.167551608191456314     -0.463283129307078378
      3.482494779329695866      0.335103216382911739     -0.374302363049160980
      3.482494779329695866      0.502654824574367165     -0.232226585265093544
      3.482494779329695866      0.670206432765822591     -0.045982939591209027
      3.482494779329695866      0.837758040957278016      0.172726200758587578
      3.482494779329695866      1.005309649148733442      0.410158536140164953
      3.482494779329695866      1.172861257340188867      0.651395319706452036
      3.482494779329695866      1.340412865531644293      0.881278757139150715
      3.482494779329695866      1.507964473723099719      1.085364426612221322
      3.482494779329695866      1.675516081914555144      1.250828874938082036
      3.482494779329695866      1.843067690106010570      1.367275362292746044
      3.482494779329695866      2.010619298297466440      1.427387127615497020
      3.482494779329695866      2.178170906488922309      1.427387127615497686
      3.627598728468433453     -2.094395102393194374      1.457922675470274321
      3.627598728468433453     -1.926843494201738727      1.427387127615497686
      3.627598728468433453     -1.759291886010283079      1.337699144824773034
      3.627598728468433453     -1.591740277818827654      1.194494152906169226
      3.627598728468433453     -1.424188669627371784      1.006770248173050719
      3.627598728468433453     -1.256637061435916358      0.786322813960027567
      3.627598728468433453     -1.089085453244460711      0.547003373307653806
      3.627598728468433453     -0.921533845053005063      0.303849246827452402
      3.627598728468433453     -0.753982236861549415      0.072138702544497613
      3.627598728468433453     -0.586430628670093768     -0.133569033872140697
      3.627598728468433453     -0.418879020478638120     -0.300348588803271532
      3.627598728468433453     -0.251327412287182472     -0.417720589440275347
      3.627598728468433453     -0.083775804095727047     -0.478310121319105885
      3.627598728468433453      0.083775804095728379     -0.478310121319105552
      3.627598728468433453      0.251327412287183805     -0.417720589440274570
      3.627598728468433453      0.418879020478639230     -0.300348588803270644
      3.627598728468433453      0.586430628670094656     -0.133569033872139586
      3.627598728468433453      0.753982236861550081      0.072138702544498612
      3.627598728468433453      0.921533845053005507      0.303849246827452846
      3.627598728468433453      1.089085453244460933      0.547003373307654028
      3.627598728468433453      1.256637061435916358      0.786322813960027567
      3.627598728468433453      1.424188669627371784      1.006770248173050719
      3.627598728468433453      1.591740277818827209      1.194494152906168782
      3.627598728468433453      1.759291886010282635      1.337699144824772368
      3.627598728468433453      1.926843494201738505      1.427387127615497686
      3.627598728468433453      2.094395102393194374      1.457922675470274321
